   0/599     282/282    0.0746    0.0728      8.37     0.501      9.02        80       1.7     0.0148    0.00521   0.000924    0.00771      0.995
   1/599     282/282    0.0703    0.0448     0.506     0.328     0.949       103    0.0371      0.022     0.0719    0.00757     0.0329      0.854
   2/599     282/282    0.0662     0.042     0.445     0.297      0.85        60    0.0371     0.0747     0.0816     0.0298     0.0686      0.778
   3/599     282/282    0.0641    0.0384      0.42     0.279     0.802       104    0.0372     0.0397     0.0334    0.00594     0.0295      0.798
   4/599     282/282    0.0615    0.0385     0.402     0.271     0.773        90     0.037      0.117     0.0526     0.0202     0.0631      0.707
   5/599     282/282    0.0639    0.0481     0.393     0.262     0.766        76    0.0372     0.0882      0.102     0.0365     0.0879      0.692
   6/599     282/282    0.0579    0.0405     0.387     0.258     0.743        73    0.0466      0.109       0.12     0.0475      0.108      0.658
   7/599     282/282    0.0563    0.0366     0.374      0.23     0.697       111    0.0499      0.107      0.127     0.0576      0.109      0.651
   8/599     282/282    0.0568    0.0363     0.367     0.232     0.692        97    0.0482     0.0861      0.169     0.0683      0.112      0.643
   9/599     282/282    0.0537    0.0366     0.362     0.223     0.675       147    0.0372      0.118      0.152     0.0759       0.12      0.622
  10/599     282/282     0.054    0.0363     0.352      0.21     0.652        98    0.0457      0.115      0.169     0.0795      0.136      0.592
  11/599     282/282    0.0527    0.0377     0.353     0.203     0.646       120    0.0398     0.0766      0.216     0.0916      0.112       0.65
  12/599     282/282    0.0524    0.0373     0.349     0.202      0.64        57    0.0373      0.085      0.202     0.0963      0.119      0.648
  13/599     282/282    0.0543    0.0381     0.351     0.207      0.65        66    0.0432       0.14      0.168     0.0867      0.152       0.57
  14/599     282/282    0.0503    0.0366     0.338     0.189     0.615       102    0.0374       0.12      0.202     0.0981      0.149      0.568
  15/599     282/282    0.0516    0.0346     0.333       0.2      0.62        94    0.0428      0.137      0.151     0.0772      0.141      0.596
  16/599     282/282    0.0506     0.035     0.335     0.184     0.604        86    0.0377      0.137      0.185     0.0956      0.155      0.574
  17/599     282/282    0.0489    0.0339     0.328     0.189       0.6        91    0.0429      0.121      0.212      0.108      0.153      0.547
  18/599     282/282     0.049    0.0352     0.326     0.179     0.589       159    0.0371      0.145      0.199      0.106      0.167      0.544
  19/599     282/282    0.0483    0.0357     0.326     0.177     0.588        95    0.0409      0.123      0.221      0.111      0.154      0.564
  20/599     282/282    0.0483    0.0356     0.324     0.178     0.585       124    0.0504       0.12      0.231      0.119      0.155      0.545
  21/599     282/282    0.0486    0.0333     0.319     0.173     0.574       136     0.037      0.127      0.225      0.119      0.161      0.532
  22/599     282/282    0.0475    0.0336     0.321     0.169     0.571       115    0.0463      0.158      0.201      0.117      0.176      0.535
  23/599     282/282    0.0457    0.0332     0.316     0.168     0.563        61    0.0371      0.141      0.222      0.129      0.172      0.516
  24/599     282/282    0.0469    0.0329     0.319     0.171      0.57        84    0.0446      0.139      0.221      0.127      0.168      0.534
  25/599     282/282    0.0463    0.0325     0.314     0.168     0.561        95    0.0374      0.137      0.223      0.126      0.168      0.523
  26/599     282/282    0.0458    0.0326     0.309     0.169     0.557        67     0.558      0.161      0.213      0.114      0.181      0.524
  27/599     282/282    0.0453    0.0327     0.309     0.167     0.554        58    0.0381      0.155      0.217       0.12      0.178      0.528
  28/599     282/282    0.0468     0.033     0.311      0.16     0.551        99    0.0376       0.14      0.221      0.127       0.17      0.525
  29/599     282/282    0.0453    0.0331     0.307      0.16     0.545        90    0.0452      0.128      0.259       0.15      0.171      0.513
  30/599     282/282    0.0441     0.033     0.304     0.156     0.537        77    0.0381      0.131      0.246      0.139      0.169      0.531
  31/599     282/282    0.0467    0.0349     0.306     0.167     0.555        93    0.0477      0.155      0.173      0.107      0.158      0.571
  32/599     282/282    0.0453    0.0325     0.306     0.158     0.542       103    0.0374      0.136      0.252      0.153      0.176       0.51
  33/599     282/282    0.0447    0.0334       0.3     0.161     0.539        75    0.0444       0.12      0.266      0.147      0.163      0.529
  34/599     282/282    0.0452    0.0327     0.301     0.158     0.537        85    0.0396      0.162      0.232      0.139       0.19      0.501
  35/599     282/282    0.0445    0.0327     0.298     0.151     0.526        70    0.0371      0.173      0.246      0.154      0.203      0.487
  36/599     282/282    0.0445     0.033     0.298     0.154     0.529        41    0.0442      0.133      0.252      0.152      0.173      0.491
  37/599     282/282    0.0438    0.0326     0.298     0.151     0.526       101    0.0376      0.127      0.253       0.14      0.163      0.551
  38/599     282/282    0.0454    0.0326     0.302     0.163     0.544        60    0.0368      0.174       0.22      0.136      0.193      0.515
  39/599     282/282    0.0437    0.0325     0.303     0.162     0.541       112    0.0437      0.105      0.271      0.159      0.151      0.515
  40/599     282/282    0.0441    0.0327     0.294     0.151     0.522        40    0.0407       0.18      0.232      0.146      0.203      0.497
  41/599     282/282    0.0435    0.0332     0.294     0.147     0.518        78    0.0405      0.159      0.251      0.151      0.192      0.494
  42/599     282/282    0.0429    0.0318     0.292     0.146     0.513       102    0.0506      0.149       0.25      0.156      0.186      0.484
  43/599     282/282     0.044    0.0324     0.291     0.155     0.523        78    0.0406      0.152      0.267      0.165      0.191      0.487
  44/599     282/282    0.0419    0.0317     0.287     0.147     0.507        71    0.0434      0.136      0.278      0.172      0.182       0.49
  45/599     282/282    0.0432    0.0324      0.29     0.153     0.519        96    0.0374      0.127      0.271      0.161      0.169      0.522
  46/599     282/282    0.0424    0.0328     0.288     0.144     0.507        77    0.0375      0.312      0.276      0.175      0.205      0.483
  47/599     282/282    0.0412    0.0311     0.286     0.143     0.502        59    0.0408      0.164      0.249      0.156      0.197      0.481
  48/599     282/282    0.0421    0.0315     0.284     0.144     0.501       104     0.037      0.145      0.278      0.172      0.189       0.48
  49/599     282/282    0.0427     0.031     0.283     0.147     0.504       105    0.0371      0.164      0.254      0.163      0.199      0.479
  50/599     282/282    0.0413    0.0309     0.282     0.137     0.491        74    0.0369      0.149      0.269      0.168       0.19      0.468
  51/599     282/282     0.041    0.0312     0.278      0.14      0.49        51    0.0447      0.172      0.258      0.158      0.204      0.489
  52/599     282/282    0.0416    0.0311      0.28      0.14     0.492        56    0.0439      0.329      0.278      0.172      0.215      0.483
  53/599     282/282    0.0418     0.031      0.28     0.139     0.492        98    0.0451      0.245      0.286      0.185      0.219      0.478
  54/599     282/282    0.0416    0.0307     0.279     0.132     0.483       105    0.0448       0.34      0.276      0.178      0.226      0.464
  55/599     282/282    0.0418    0.0314     0.277     0.136     0.486        74    0.0371      0.339      0.289      0.184      0.227      0.474
  56/599     282/282    0.0422    0.0316      0.28     0.151     0.505       103    0.0504      0.193      0.297      0.186      0.197      0.518
  57/599     282/282    0.0413    0.0315     0.277     0.138     0.488        75    0.0414      0.327      0.277      0.175      0.216      0.482
  58/599     282/282    0.0416    0.0305     0.276     0.136     0.484       104    0.0432      0.313      0.296      0.187       0.21      0.479
  59/599     282/282    0.0416    0.0305     0.274     0.132     0.479       124    0.0371      0.331      0.286      0.179      0.221      0.466
  60/599     282/282     0.042    0.0308     0.276     0.134     0.482        84    0.0375      0.332      0.297      0.192      0.224      0.469
  61/599     282/282    0.0406    0.0302     0.275     0.131     0.476        37    0.0375      0.322      0.288      0.182      0.214      0.471
  62/599     282/282    0.0406    0.0313     0.274     0.134      0.48        31    0.0375      0.327       0.29      0.188      0.221      0.464
  63/599     282/282    0.0408    0.0306     0.273     0.136      0.48       138    0.0371      0.332      0.303      0.194      0.225      0.473
  64/599     282/282    0.0412    0.0304     0.274      0.13     0.476       122    0.0375      0.174      0.289      0.185      0.214      0.461
  65/599     282/282    0.0401    0.0305     0.271     0.137     0.478        53    0.0476      0.328      0.291      0.184       0.22      0.477
  66/599     282/282    0.0409    0.0313     0.274     0.137     0.484        89    0.0419      0.169      0.282      0.181      0.211      0.461
  67/599     282/282    0.0403     0.031      0.27      0.13     0.471        74    0.0375      0.243      0.296      0.187      0.218      0.475
  68/599     282/282    0.0405    0.0306     0.271     0.126     0.468        88    0.0371      0.168      0.285       0.18      0.209      0.464
  69/599     282/282    0.0403    0.0308      0.27     0.129      0.47        50    0.0485      0.186      0.282      0.182       0.22      0.463
  70/599     282/282    0.0404      0.03     0.266     0.126     0.462       100    0.0371      0.175      0.282      0.184      0.214      0.457
  71/599     282/282    0.0397    0.0306     0.267     0.123     0.461        90     0.045      0.341      0.299      0.196      0.232      0.458
  72/599     282/282    0.0386    0.0298     0.265     0.124     0.458        94    0.0405      0.188      0.284      0.189      0.224      0.457
  73/599     282/282      0.04    0.0309     0.267     0.122      0.46        89    0.0444      0.342      0.302      0.204      0.241      0.459
  74/599     282/282      0.04     0.032     0.266     0.127     0.465        61    0.0433      0.197      0.293      0.177      0.207      0.475
  75/599     282/282    0.0393    0.0304     0.267     0.126     0.462        74    0.0421       0.35      0.288      0.185      0.235      0.456
  76/599     282/282     0.039      0.03     0.266     0.131     0.466        90    0.0444      0.174      0.298      0.196      0.216      0.458
  77/599     282/282     0.039    0.0302     0.267     0.131     0.466       102    0.0371      0.185      0.289       0.19      0.223      0.457
  78/599     282/282    0.0385    0.0315     0.264     0.129     0.463        91    0.0439      0.347      0.303      0.198      0.238      0.455
  79/599     282/282    0.0386    0.0304     0.263     0.121     0.453       111    0.0431      0.195      0.279      0.185      0.226      0.454
  80/599     282/282    0.0392    0.0299     0.265     0.122     0.456        75    0.0449      0.209      0.252      0.165      0.227      0.479
  81/599     282/282     0.039    0.0303     0.266     0.133     0.468        56    0.0375      0.332      0.304      0.197      0.224      0.468
  82/599     282/282    0.0387    0.0307     0.263     0.125     0.458        99    0.0456      0.236      0.302      0.199      0.231      0.452
  83/599     282/282    0.0379    0.0302      0.26     0.117     0.445       125    0.0374       0.18      0.302      0.195      0.217      0.453
  84/599     282/282    0.0387    0.0305     0.261     0.117     0.447        74    0.0431      0.364      0.315      0.214      0.234      0.461
  85/599     282/282    0.0385    0.0298     0.261     0.121     0.451       110    0.0474      0.195       0.27      0.182      0.225      0.453
  86/599     282/282    0.0383    0.0299      0.26      0.12     0.448        53    0.0441      0.165      0.299      0.182      0.208      0.473
  87/599     282/282    0.0391    0.0304      0.26      0.12      0.45        81    0.0375       0.36        0.3      0.205      0.247      0.447
  88/599     282/282    0.0388    0.0297     0.258     0.116     0.442        70    0.0412      0.289      0.317      0.205      0.263      0.449
  89/599     282/282    0.0385    0.0299     0.261     0.116     0.445        52    0.0394      0.253      0.308      0.192      0.234       0.45
  90/599     282/282    0.0383    0.0297     0.258     0.126     0.452        57    0.0378      0.183        0.3      0.196      0.218      0.452
  91/599     282/282    0.0383    0.0297     0.259     0.118     0.445       162    0.0373      0.289      0.327      0.215      0.272      0.443
  92/599     282/282    0.0386    0.0293     0.257     0.114     0.439        81    0.0433       0.38      0.315      0.218      0.252      0.447
  93/599     282/282    0.0385    0.0306     0.258     0.119     0.446        70    0.0438      0.259      0.317      0.206      0.265      0.441
  94/599     282/282    0.0383      0.03     0.256     0.123     0.448        73    0.0373      0.383      0.319      0.207      0.242       0.46
  95/599     282/282     0.038    0.0302     0.257     0.115      0.44        69    0.0375      0.266      0.301      0.205      0.257      0.447
  96/599     282/282    0.0384    0.0295     0.255     0.114     0.437        79    0.0369      0.188      0.291        0.2      0.227      0.441
  97/599     282/282    0.0378    0.0297     0.257     0.119     0.444        46    0.0425      0.206      0.306      0.196      0.226      0.463
  98/599     282/282     0.039    0.0296     0.257      0.12     0.446        86     0.037      0.303       0.33      0.216      0.275      0.446
  99/599     282/282    0.0391    0.0295     0.257      0.12     0.446        78    0.0451      0.257      0.344      0.225      0.269      0.447
 100/599     282/282    0.0378    0.0294     0.256     0.116     0.439        64    0.0468       0.28      0.307       0.21      0.252      0.444
 101/599     282/282    0.0373    0.0299     0.253     0.113     0.433        93    0.0401      0.251      0.333      0.211      0.272      0.439
 102/599     282/282    0.0383    0.0297     0.253     0.116     0.437       118    0.0452      0.271      0.322      0.222       0.27      0.462
 103/599     282/282    0.0373    0.0294     0.254     0.114     0.435       133    0.0422      0.235      0.334      0.207      0.253      0.451
 104/599     282/282    0.0377    0.0293     0.253     0.112     0.433        75    0.0373      0.253      0.324      0.208      0.255       0.45
 105/599     282/282     0.037    0.0313     0.253     0.112     0.433        64    0.0444       0.25      0.328      0.218      0.257      0.454
 106/599     282/282     0.038      0.03     0.254     0.114     0.436        53    0.0405      0.279      0.332      0.215      0.286       0.44
 107/599     282/282    0.0372    0.0294     0.252     0.115     0.434        55    0.0379       0.25      0.347      0.221      0.263      0.481
 108/599     282/282    0.0381    0.0302     0.259     0.126     0.453       114    0.0428      0.281      0.334       0.22      0.263      0.469
 109/599     282/282    0.0375      0.03     0.255     0.116     0.438        63    0.0419      0.264       0.33      0.213      0.268      0.455
 110/599     282/282    0.0375    0.0302     0.254     0.114     0.436        96    0.0464      0.262       0.33      0.204      0.268      0.447
 111/599     282/282    0.0368    0.0298     0.251      0.11     0.428        86    0.0424       0.25      0.318      0.202      0.259      0.445
 112/599     282/282    0.0378    0.0289     0.249     0.112     0.428       130    0.0372      0.262      0.335      0.229      0.277      0.441
 113/599     282/282    0.0371    0.0297      0.25     0.106     0.423        51     0.044      0.253      0.335       0.22      0.266      0.447
 114/599     282/282    0.0371    0.0292     0.251     0.116     0.434       114    0.0394      0.274      0.329      0.219      0.278      0.444
 115/599     282/282    0.0378      0.03     0.252     0.109     0.429        82     0.037      0.277      0.326      0.214      0.277       0.44
 116/599     282/282    0.0367    0.0288     0.248     0.104     0.417       102     0.037      0.285      0.339      0.224      0.274      0.443
 117/599     282/282    0.0365    0.0294      0.25     0.106     0.422       110    0.0379      0.229       0.35      0.231      0.254      0.456
 118/599     282/282    0.0367    0.0294     0.248     0.117     0.431       102    0.0407      0.265      0.314      0.206      0.277       0.45
 119/599     282/282    0.0367     0.029     0.251     0.114     0.431       101     0.037      0.277      0.341      0.222      0.283      0.439
 120/599     282/282    0.0367     0.029      0.25     0.106     0.422        40    0.0371      0.242      0.358      0.235      0.279       0.45
 121/599     282/282    0.0367     0.029     0.249     0.108     0.423        92    0.0435      0.271      0.318      0.213      0.268      0.458
 122/599     282/282    0.0362    0.0289     0.248     0.107     0.421        56     0.037      0.278      0.302      0.203      0.271      0.459
 123/599     282/282    0.0364    0.0287     0.247     0.107     0.419        81    0.0431      0.243      0.362      0.238      0.274      0.454
 124/599     282/282     0.036    0.0285     0.247     0.103     0.414        59    0.0369      0.263      0.356      0.224      0.291      0.439
 125/599     282/282    0.0363    0.0289     0.247     0.112     0.424       126    0.0371      0.248      0.341      0.216       0.27      0.442
 126/599     282/282     0.036    0.0286     0.247     0.104     0.416       132     0.042      0.253      0.333       0.22       0.27      0.436
 127/599     282/282    0.0361    0.0286     0.245     0.102     0.411       132    0.0405       0.27      0.342      0.217       0.28      0.435
 128/599     282/282    0.0373    0.0294     0.246     0.109     0.421        84     0.044      0.271      0.337      0.216      0.287      0.437
 129/599     282/282     0.036    0.0289     0.248     0.115     0.428        68    0.0376      0.255      0.345      0.233      0.274      0.448
 130/599     282/282    0.0358    0.0281     0.247     0.105     0.416       168    0.0372      0.259      0.343      0.221      0.275      0.449
 131/599     282/282    0.0365    0.0288     0.246     0.104     0.415        49     0.045      0.252      0.351       0.23       0.28      0.446
 132/599     282/282    0.0356    0.0288     0.245     0.109     0.418        77    0.0494      0.273      0.353      0.243      0.293      0.441
 133/599     282/282    0.0364    0.0291     0.246     0.107     0.418        65     0.037      0.263      0.328      0.209      0.271      0.454
 134/599     282/282    0.0363    0.0283     0.244     0.102     0.411        92    0.0372      0.273      0.324      0.211      0.284      0.439
 135/599     282/282    0.0357    0.0287     0.245     0.106     0.416        71    0.0434      0.249      0.357      0.225      0.272      0.468
 136/599     282/282    0.0362    0.0291     0.243     0.107     0.415        83    0.0372       0.28      0.343      0.224      0.276      0.451
 137/599     282/282    0.0363    0.0292     0.245     0.103     0.413       113    0.0369       0.24      0.348      0.229      0.266      0.448
 138/599     282/282     0.036     0.029     0.242       0.1     0.407        70     0.041      0.285      0.358      0.239       0.29      0.447
 139/599     282/282    0.0366    0.0292     0.244    0.0995     0.409        51    0.0371      0.231      0.348      0.224      0.258      0.444
 140/599     282/282    0.0362    0.0294     0.244       0.1      0.41        61    0.0436      0.265      0.346      0.219       0.28      0.446
 141/599     282/282     0.036    0.0288     0.243    0.0979     0.406        90    0.0374      0.255       0.34      0.224      0.277      0.436
 142/599     282/282    0.0357    0.0286     0.241    0.0967     0.402        75    0.0434       0.24      0.358      0.231      0.278      0.436
 143/599     282/282    0.0357    0.0289     0.244     0.095     0.403        73    0.0377      0.258      0.328      0.223      0.276      0.439
 144/599     282/282    0.0354      0.03     0.243     0.101     0.409        52    0.0457      0.254      0.352       0.23      0.276      0.458
 145/599     282/282    0.0363    0.0288     0.242    0.0961     0.403       114    0.0372      0.261      0.343      0.222       0.28      0.429
 146/599     282/282    0.0353    0.0285     0.242    0.0966     0.403        84    0.0368      0.271      0.352      0.235      0.293      0.431
 147/599     282/282    0.0355     0.029     0.241    0.0955     0.401       120    0.0448      0.265      0.349       0.23      0.285      0.436
 148/599     282/282    0.0356    0.0292     0.245    0.0993     0.409        64    0.0373       0.26      0.354      0.241      0.289      0.438
 149/599     282/282    0.0353    0.0283     0.242    0.0942       0.4       107    0.0449      0.283      0.356      0.244      0.295      0.438
 150/599     282/282    0.0351    0.0282     0.241       0.1     0.404        99    0.0372       0.29      0.338       0.23      0.292      0.428
 151/599     282/282    0.0366    0.0286      0.24     0.095       0.4        62    0.0452      0.272      0.347      0.228      0.287      0.443
 152/599     282/282    0.0354    0.0281     0.239    0.0998     0.403       108    0.0491      0.278      0.369      0.249      0.309      0.437
 153/599     282/282    0.0352    0.0288     0.241    0.0943     0.399        83      0.04      0.252      0.361      0.244      0.287      0.439
 154/599     282/282     0.036    0.0293      0.24    0.0984     0.404       116    0.0462      0.267      0.346      0.232      0.285      0.439
 155/599     282/282    0.0348    0.0285      0.24     0.102     0.406       108    0.0378      0.256       0.36      0.237       0.28      0.442
 156/599     282/282    0.0358    0.0291     0.239    0.0993     0.403        80     0.037      0.301      0.345      0.249      0.304      0.438
 157/599     282/282    0.0363    0.0289     0.242    0.0974     0.404        71    0.0376      0.291      0.336      0.224      0.289      0.437
 158/599     282/282    0.0356    0.0283     0.241    0.0992     0.404        53    0.0431      0.253      0.342      0.234       0.27      0.448
 159/599     282/282    0.0348    0.0283     0.238    0.0931     0.394        68    0.0369      0.261      0.362       0.23      0.286      0.447
 160/599     282/282    0.0356    0.0288     0.245     0.108     0.418        58     0.037      0.238       0.35      0.225      0.277      0.457
 161/599     282/282    0.0351    0.0288     0.242    0.0985     0.404        81    0.0373      0.243      0.362      0.228      0.281      0.445
 162/599     282/282    0.0349    0.0282     0.238    0.0939     0.395        77    0.0374       0.25       0.35      0.234      0.285      0.434
 163/599     282/282     0.035    0.0287     0.239    0.0988     0.402        84    0.0372      0.303      0.342      0.241      0.304      0.437
 164/599     282/282    0.0346    0.0284     0.236    0.0929     0.392        90    0.0406      0.267      0.353       0.24      0.294      0.434
 165/599     282/282    0.0345    0.0285     0.237    0.0914     0.391        31    0.0373      0.246      0.344      0.222      0.272      0.439
 166/599     282/282    0.0351    0.0288     0.236    0.0915     0.392        52    0.0372      0.276      0.358      0.249      0.302      0.436
 167/599     282/282     0.035    0.0283     0.239    0.0988     0.401        70    0.0373      0.283      0.363      0.235      0.298       0.44
 168/599     282/282    0.0346    0.0285     0.236    0.0947     0.394        87    0.0371       0.28      0.354      0.235      0.295      0.437
 169/599     282/282    0.0357    0.0283     0.237     0.091     0.392        96     0.041      0.237      0.369      0.246      0.277       0.45
 170/599     282/282     0.034    0.0278     0.238     0.091      0.39        82    0.0371      0.282      0.354      0.232      0.301      0.426
 171/599     282/282    0.0355    0.0285     0.238       0.1     0.402        50    0.0381      0.259      0.334      0.207      0.266      0.435
 172/599     282/282    0.0347    0.0282     0.235    0.0951     0.393        78    0.0433      0.252      0.363      0.234       0.29      0.458
 173/599     282/282    0.0353    0.0288     0.237    0.0981     0.399        89    0.0372      0.289      0.356      0.231      0.299       0.45
 174/599     282/282    0.0343    0.0285     0.237    0.0909     0.391        40    0.0409      0.248      0.356      0.231      0.281      0.436
 175/599     282/282    0.0344    0.0282     0.237    0.0915     0.391       106     0.037      0.317      0.348      0.222      0.289       0.44
 176/599     282/282    0.0356    0.0282     0.236    0.0923     0.392        54    0.0369      0.292      0.367      0.252      0.311      0.432
 177/599     282/282    0.0346    0.0281     0.234    0.0868     0.384        52    0.0375      0.276      0.364      0.243        0.3      0.434
 178/599     282/282     0.035    0.0284     0.235    0.0865     0.385        72    0.0466      0.262       0.33      0.218      0.276      0.431
 179/599     282/282    0.0349    0.0283     0.234    0.0923     0.389       121    0.0425      0.261      0.354      0.232      0.292      0.441
 180/599     282/282    0.0349    0.0276     0.234    0.0947     0.391        34    0.0423      0.254      0.373      0.233      0.292      0.441
 181/599     282/282    0.0344    0.0279     0.235    0.0901     0.387        75    0.0444      0.231       0.34      0.223      0.263      0.437
 182/599     282/282    0.0343    0.0283     0.233    0.0901     0.386        86    0.0406      0.276      0.355      0.227      0.289      0.433
 183/599     282/282    0.0343    0.0282     0.234    0.0841     0.381        98    0.0374      0.277      0.371       0.25      0.303      0.443
 184/599     282/282    0.0342    0.0292     0.235    0.0898     0.388        67    0.0463      0.258      0.367      0.242      0.287      0.434
 185/599     282/282     0.034    0.0278     0.234    0.0827     0.379        96    0.0438      0.278      0.369      0.249      0.309      0.429
 186/599     282/282     0.034    0.0277     0.232     0.085     0.379       109    0.0373      0.281      0.376      0.229      0.301      0.448
 187/599     282/282    0.0346    0.0283     0.233    0.0873     0.384        97    0.0438       0.26      0.362      0.246      0.296      0.435
 188/599     282/282    0.0342    0.0288     0.234     0.085     0.382        77    0.0434      0.239      0.372      0.243       0.28       0.45
 189/599     282/282    0.0347    0.0277     0.232    0.0855      0.38       100     0.043       0.27      0.359      0.247      0.302      0.433
 190/599     282/282    0.0347    0.0284     0.233    0.0852     0.381        80     0.043      0.294      0.357      0.233      0.311      0.437
 191/599     282/282    0.0344    0.0281     0.233    0.0858     0.382        62    0.0369      0.253      0.369      0.249      0.291      0.435
 192/599     282/282    0.0343    0.0278     0.233    0.0912     0.386        66    0.0374      0.257      0.375      0.258      0.295      0.439
 193/599     282/282    0.0341    0.0278     0.232    0.0815     0.375       181    0.0372      0.256      0.367      0.248      0.294      0.439
 194/599     282/282    0.0342     0.028     0.232    0.0924     0.386       112     0.037      0.252      0.345       0.23      0.282      0.442
 195/599     282/282    0.0352    0.0282     0.231    0.0907     0.386        99    0.0427      0.261      0.372      0.241      0.295      0.435
 196/599     282/282    0.0347    0.0285     0.231     0.083     0.377        95    0.0371      0.274      0.355      0.237      0.296      0.446
 197/599     282/282    0.0345    0.0282      0.23    0.0813     0.374        81    0.0424      0.239      0.369      0.248      0.283      0.438
 198/599     282/282    0.0345     0.029     0.231    0.0832     0.377       112     0.037      0.255      0.335      0.213      0.278      0.439
 199/599     282/282    0.0337    0.0274     0.229     0.081     0.371       141    0.0407      0.255      0.371      0.237      0.291      0.441
 200/599     282/282    0.0341    0.0275     0.229    0.0811     0.372       134    0.0371      0.262      0.348      0.224      0.284      0.438
 201/599     282/282    0.0342    0.0276     0.229    0.0856     0.376        70    0.0444      0.198      0.294       0.19       0.23      0.455
 202/599     282/282    0.0341    0.0283     0.233    0.0858     0.381        62    0.0373      0.268      0.331      0.219      0.275      0.436
 203/599     282/282    0.0344    0.0282     0.233    0.0817     0.377       108    0.0467      0.302      0.335      0.222      0.282      0.444
 204/599     282/282    0.0346    0.0281     0.233    0.0885     0.384       135     0.044      0.266      0.329       0.22      0.278      0.434
 205/599     282/282    0.0345    0.0283     0.229    0.0832     0.375       113     0.037      0.294      0.344      0.223      0.287      0.437
 206/599     282/282    0.0336    0.0282      0.23    0.0818     0.373        42    0.0457      0.264      0.354       0.22      0.292      0.465
 207/599     282/282    0.0344    0.0282     0.231    0.0878     0.381        86    0.0425      0.245      0.334      0.223      0.271      0.443
 208/599     282/282    0.0341     0.028     0.229    0.0839     0.375        80    0.0373      0.257      0.363      0.235      0.295      0.445
 209/599     282/282    0.0342     0.028      0.23    0.0835     0.376        55     0.037      0.268      0.365      0.238      0.302      0.443
 210/599     282/282    0.0334    0.0277     0.229    0.0792      0.37        77    0.0374      0.281       0.38      0.235      0.316      0.432
 211/599     282/282    0.0345    0.0282     0.229    0.0853     0.377       134    0.0428      0.285      0.399      0.261      0.324      0.441
 212/599     282/282    0.0336    0.0275      0.23    0.0786      0.37       143    0.0452      0.266      0.386       0.25       0.31      0.436
 213/599     282/282    0.0341    0.0275     0.228    0.0799      0.37        94    0.0374      0.256      0.342      0.224      0.283      0.427
 214/599     282/282    0.0345    0.0274     0.229    0.0817     0.373        50    0.0442      0.273      0.355      0.238      0.298      0.441
 215/599     282/282    0.0335    0.0273     0.228    0.0783     0.367        64    0.0373      0.268      0.358      0.236      0.293       0.44
 216/599     282/282    0.0336    0.0282     0.229    0.0818     0.372        83    0.0373      0.302      0.339      0.232      0.285      0.435
 217/599     282/282    0.0334    0.0276     0.228    0.0756     0.365        93    0.0406      0.245      0.359      0.234      0.281      0.447
 218/599     282/282    0.0338    0.0277     0.227    0.0773     0.366        98    0.0426      0.252      0.385      0.253      0.293      0.462
 219/599     282/282    0.0345    0.0276     0.226    0.0778     0.366        53    0.0423      0.275       0.37      0.241      0.303      0.439
 220/599     282/282    0.0346    0.0279     0.227    0.0752     0.365        84     0.039      0.256      0.364      0.251      0.289      0.444
 221/599     282/282    0.0339    0.0276     0.227    0.0754     0.364        69     0.037      0.299      0.362      0.239      0.312      0.441
 222/599     282/282    0.0331    0.0275     0.225    0.0788     0.365        99    0.0447      0.272      0.363      0.247      0.299       0.44
 223/599     282/282    0.0333    0.0273     0.227    0.0775     0.365        94    0.0442      0.256      0.361      0.238      0.295      0.443
 224/599     282/282    0.0335    0.0276     0.227    0.0754     0.364        73     0.045      0.272       0.35      0.224      0.297      0.437
 225/599     282/282    0.0331    0.0273     0.226    0.0757     0.362        90    0.0373      0.309       0.37      0.242      0.322      0.434
 226/599     282/282    0.0331     0.027     0.224    0.0756      0.36        91    0.0371      0.248      0.352      0.225       0.28      0.452
 227/599     282/282     0.034    0.0271     0.226     0.074     0.361       115     0.044      0.292       0.36      0.246      0.311      0.444
 228/599     282/282    0.0332    0.0278     0.226    0.0747     0.362        70    0.0434      0.284      0.344      0.236      0.293      0.444
 229/599     282/282    0.0334    0.0273     0.226    0.0801     0.367        59    0.0404      0.327      0.348      0.239      0.303      0.444
 230/599     282/282    0.0349    0.0276     0.227    0.0752     0.364        59    0.0439      0.264      0.338      0.223       0.28      0.445
 231/599     282/282    0.0334    0.0271     0.223    0.0747     0.359        78     0.037      0.261      0.339      0.223      0.284      0.438
 232/599     282/282    0.0335    0.0275     0.227    0.0756     0.363        46    0.0371      0.255      0.344      0.225      0.279       0.45
 233/599     282/282    0.0328    0.0278     0.229    0.0803      0.37        79    0.0369      0.246      0.354      0.233      0.276      0.463
 234/599     282/282    0.0337    0.0275     0.225    0.0756     0.362        88    0.0448      0.275      0.364      0.237      0.295      0.455
 235/599     282/282    0.0334    0.0272     0.226     0.074     0.361        51    0.0404      0.285      0.381      0.258      0.314      0.449
 236/599     282/282    0.0341    0.0271     0.224    0.0816     0.367        52    0.0402      0.265      0.349      0.235       0.29      0.441
 237/599     282/282    0.0335    0.0276     0.226    0.0749     0.362       101    0.0383      0.286      0.336      0.218      0.293      0.443
 238/599     282/282    0.0336    0.0279     0.226    0.0761     0.363        70    0.0458      0.314      0.367      0.243      0.326      0.442
 239/599     282/282    0.0333    0.0276     0.225    0.0745     0.361        93    0.0424      0.293      0.375      0.251      0.319      0.444
 240/599     282/282    0.0339    0.0276     0.224    0.0795     0.365        70    0.0492      0.295       0.34      0.229      0.301      0.441
 241/599     282/282    0.0332    0.0275     0.224    0.0702     0.355        94     0.037      0.276      0.358      0.242      0.302      0.444
 242/599     282/282    0.0333    0.0276     0.225    0.0724     0.358       109    0.0409      0.279      0.379      0.263      0.311      0.435
 243/599     282/282    0.0341    0.0278     0.224    0.0737     0.359       128    0.0417      0.267       0.38      0.265      0.307      0.444
 244/599     282/282    0.0343    0.0279     0.226     0.075     0.363        89     0.037      0.302       0.37      0.254      0.316      0.448
 245/599     282/282     0.033    0.0277     0.222    0.0737     0.357        84    0.0428      0.242       0.37      0.238      0.283      0.457
 246/599     282/282    0.0331    0.0279     0.223    0.0702     0.354        79    0.0386        0.3       0.35      0.241      0.292      0.446
 247/599     282/282    0.0333    0.0274     0.223     0.074     0.358        97    0.0405      0.287      0.368      0.236      0.307      0.452
 248/599     282/282    0.0336    0.0274     0.225    0.0749     0.361        86    0.0372      0.276      0.383      0.245      0.309      0.448
 249/599     282/282    0.0327    0.0273     0.223    0.0741     0.357        78    0.0381      0.283      0.374      0.238      0.311      0.448
 250/599     282/282    0.0332    0.0278     0.223    0.0702     0.354       171    0.0433      0.277      0.343      0.218      0.289      0.454
 251/599     282/282    0.0335    0.0277     0.225    0.0724     0.358        58    0.0427      0.301      0.378      0.249      0.321      0.468
 252/599     282/282    0.0332    0.0273     0.222    0.0704     0.353        65    0.0436      0.281      0.393      0.251      0.314      0.449
 253/599     282/282     0.033    0.0274     0.225    0.0777     0.363        74    0.0433      0.262      0.391      0.249      0.307      0.441
 254/599     282/282    0.0342    0.0274     0.225     0.074      0.36        66     0.037      0.285      0.389      0.253      0.318      0.435
 255/599     282/282     0.033    0.0277     0.223    0.0741     0.358       103    0.0466      0.279      0.375      0.238      0.307      0.454
 256/599     282/282    0.0336    0.0274     0.222    0.0714     0.355        91    0.0412      0.286      0.391       0.26      0.323      0.445
 257/599     282/282    0.0342    0.0276     0.223    0.0741     0.359       111    0.0371      0.275      0.388      0.258      0.314      0.445
 258/599     282/282    0.0333    0.0276     0.224    0.0696     0.355        86     0.044      0.324      0.375      0.248      0.322      0.441
 259/599     282/282    0.0333    0.0271     0.221      0.07     0.351        63    0.0399      0.295      0.383      0.255      0.311      0.446
 260/599     282/282    0.0331    0.0276     0.223    0.0694     0.353        50    0.0375      0.277       0.39      0.266      0.318      0.443
 261/599     282/282    0.0322     0.027      0.22     0.072     0.351       107     0.048      0.302      0.371       0.25      0.319      0.439
 262/599     282/282    0.0332    0.0274     0.224     0.071     0.356        89     0.037      0.289      0.389      0.272      0.317      0.453
 263/599     282/282    0.0327    0.0272     0.222    0.0678      0.35        51    0.0428       0.26      0.355      0.242      0.292      0.436
 264/599     282/282    0.0329    0.0276     0.221    0.0682      0.35        66     0.044      0.276      0.402       0.27      0.321      0.439
 265/599     282/282    0.0327    0.0272     0.221    0.0645     0.345        49     0.037      0.258      0.376      0.244      0.295      0.462
 266/599     282/282    0.0331    0.0278      0.22    0.0659     0.347        70    0.0375       0.26      0.364      0.234      0.297      0.446
 267/599     282/282    0.0331    0.0276     0.221    0.0668     0.348       118    0.0379      0.274      0.378      0.251      0.308      0.449
 268/599     282/282     0.033    0.0275     0.218    0.0681     0.346        55    0.0437      0.272      0.397      0.248      0.314      0.452
 269/599     282/282    0.0333    0.0274     0.221    0.0653     0.347        87    0.0376      0.259      0.349      0.231      0.288      0.446
 270/599     282/282    0.0331    0.0274     0.221     0.063     0.344       112    0.0373      0.274      0.373      0.245       0.31      0.443
 271/599     282/282    0.0327    0.0265     0.219     0.067     0.345       122    0.0425       0.29      0.391      0.251      0.322      0.438
 272/599     282/282    0.0331    0.0268     0.219    0.0673     0.347       128    0.0473      0.299      0.378      0.257      0.315      0.442
 273/599     282/282    0.0331    0.0268     0.218    0.0645     0.342       139    0.0453      0.327      0.368       0.25       0.32      0.446
 274/599     282/282    0.0333    0.0271      0.22    0.0727     0.353        78    0.0371      0.295      0.364      0.239      0.312       0.44
 275/599     282/282    0.0331    0.0277     0.219    0.0719     0.351        95    0.0494      0.254      0.365      0.245      0.289      0.443
 276/599     282/282    0.0331    0.0269      0.22    0.0682     0.348        51    0.0481      0.281      0.373      0.237      0.306      0.455
 277/599     282/282    0.0327     0.027     0.221     0.065     0.345        55    0.0495      0.297      0.391       0.25      0.333      0.443
 278/599     282/282    0.0326    0.0269     0.218    0.0639     0.342        64    0.0373      0.274      0.377      0.232      0.308      0.459
 279/599     282/282    0.0321    0.0279     0.218    0.0652     0.343       116    0.0435      0.287      0.387      0.253      0.322      0.447
 280/599     282/282    0.0327    0.0277     0.216    0.0618     0.339       110    0.0408      0.284      0.348      0.232        0.3      0.446
 281/599     282/282    0.0329    0.0275     0.219    0.0611     0.341        49    0.0448      0.276      0.379      0.247      0.305      0.458
 282/599     282/282    0.0326    0.0267     0.218    0.0623     0.339        56    0.0373      0.282      0.406      0.273      0.323      0.457
 283/599     282/282    0.0328    0.0274      0.22    0.0684     0.349        83    0.0468      0.299      0.368      0.233      0.315      0.445
 284/599     282/282    0.0324    0.0268     0.219    0.0686     0.346        83    0.0443       0.28      0.385      0.232      0.315      0.464
 285/599     282/282    0.0326    0.0276      0.22    0.0656     0.346        35    0.0371      0.298      0.409      0.278      0.337      0.453
 286/599     282/282     0.033    0.0279     0.218     0.066     0.345        53     0.037      0.329      0.371       0.25      0.331      0.446
 287/599     282/282    0.0327    0.0271     0.217    0.0695     0.346        48     0.037      0.344       0.36      0.235      0.324      0.446
 288/599     282/282     0.032    0.0266      0.22    0.0647     0.343       100    0.0449      0.348      0.388      0.262      0.346      0.448
 289/599     282/282    0.0326    0.0275     0.218    0.0633     0.342        84    0.0377      0.266      0.385      0.251      0.305      0.454
 290/599     282/282    0.0331    0.0274     0.219    0.0693     0.349        70    0.0448      0.261      0.352      0.238      0.289      0.456
 291/599     282/282     0.032    0.0273     0.216     0.064     0.339        57    0.0429      0.339      0.394      0.264      0.352      0.451
 292/599     282/282    0.0326    0.0271     0.218    0.0612     0.339        91    0.0421        0.3      0.378      0.245      0.319       0.45
 293/599     282/282    0.0323     0.027     0.217    0.0587     0.335       119    0.0411      0.297      0.411      0.273      0.337      0.447
 294/599     282/282     0.032     0.027     0.219     0.063     0.341        81     0.037      0.311      0.379      0.245       0.33      0.456
 295/599     282/282    0.0324    0.0263     0.217    0.0617     0.337       128    0.0408      0.273      0.384      0.255      0.313      0.455
 296/599     282/282    0.0333     0.028     0.217    0.0605     0.339        39    0.0372      0.274      0.377      0.245      0.308       0.45
 297/599     282/282    0.0329    0.0267     0.216      0.06     0.335       130    0.0371      0.297      0.386      0.261      0.319      0.458
 298/599     282/282    0.0329     0.027     0.218    0.0607     0.338        83    0.0373      0.296      0.358      0.238      0.311      0.448
 299/599     282/282    0.0322    0.0272     0.217    0.0595     0.336        88    0.0417      0.304      0.373      0.245      0.328      0.459
 300/599     282/282    0.0329    0.0274     0.217    0.0674     0.345        82    0.0422      0.303      0.378      0.259      0.327      0.458
 301/599     282/282    0.0323    0.0271     0.218    0.0604     0.338        78    0.0447       0.31      0.368      0.248      0.315      0.455
 302/599     282/282    0.0325    0.0269     0.216    0.0641      0.34        66    0.0375      0.288      0.379      0.244      0.319      0.451
 303/599     282/282    0.0322    0.0274     0.216    0.0592     0.335       106    0.0448      0.308      0.375       0.25      0.325      0.453
 304/599     282/282    0.0323     0.027     0.215    0.0581     0.333        95    0.0428      0.284      0.389      0.253       0.32      0.459
 305/599     282/282    0.0327    0.0269     0.216    0.0639     0.339        56    0.0418      0.336      0.387      0.254      0.344      0.448
 306/599     282/282    0.0327    0.0263     0.215    0.0591     0.334        61    0.0423      0.295      0.393      0.251      0.333      0.444
 307/599     282/282    0.0324    0.0266     0.215    0.0634     0.337        85    0.0372      0.262      0.349      0.231      0.288      0.447
 308/599     282/282     0.032    0.0269     0.215    0.0593     0.333       125    0.0427      0.298      0.389      0.254      0.329      0.447
 309/599     282/282     0.032    0.0273     0.214    0.0641     0.337        83    0.0445      0.283      0.382      0.243      0.314      0.459
 310/599     282/282    0.0323     0.027     0.215    0.0629     0.337        85    0.0382      0.285      0.371      0.247      0.315      0.447
 311/599     282/282    0.0326    0.0267     0.216    0.0615     0.337        74    0.0372      0.298      0.378      0.251      0.329      0.448
 312/599     282/282    0.0325    0.0268     0.215    0.0633     0.337       174    0.0409      0.291      0.384       0.24      0.314      0.459
 313/599     282/282    0.0322    0.0271     0.215    0.0564     0.331        82     0.041      0.326      0.389      0.258      0.343      0.454
 314/599     282/282    0.0319    0.0267     0.216    0.0627     0.337        89    0.0435      0.288      0.343      0.238      0.296      0.456
 315/599     282/282    0.0326     0.027     0.216    0.0615     0.337        46    0.0379      0.313      0.387      0.262       0.33      0.464
 316/599     282/282    0.0325    0.0264     0.214    0.0573      0.33        49    0.0374      0.279      0.374      0.234      0.311      0.459
 317/599     282/282     0.033    0.0267     0.213    0.0619     0.335       106    0.0438      0.288      0.347      0.235      0.296      0.462
 318/599     282/282    0.0321    0.0269     0.214    0.0621     0.335        98     0.045      0.322      0.365       0.25      0.321      0.458
 319/599     282/282    0.0324     0.027     0.213    0.0568     0.329        73    0.0458      0.262      0.378      0.234      0.299      0.457
 320/599     282/282    0.0322    0.0263     0.213    0.0608     0.333        83    0.0374      0.299      0.406      0.266      0.334      0.466
 321/599     282/282    0.0321    0.0266     0.216    0.0582     0.333        90    0.0422       0.31      0.385      0.252      0.336      0.452
 322/599     282/282    0.0323    0.0264     0.213    0.0593     0.331       113    0.0424      0.287      0.351       0.23      0.298      0.459
 323/599     282/282    0.0319    0.0268     0.214    0.0589     0.331        52    0.0378      0.304      0.369      0.253      0.325      0.449
 324/599     282/282     0.032    0.0267     0.212    0.0539     0.325        74    0.0416      0.301      0.385      0.249       0.33      0.461
 325/599     282/282    0.0322    0.0264     0.211    0.0578     0.328        52    0.0371      0.263      0.344       0.22      0.287      0.452
 326/599     282/282    0.0319    0.0266     0.212    0.0527     0.323        74    0.0387      0.284      0.372      0.244      0.314      0.454
 327/599     282/282    0.0324    0.0265     0.213    0.0559     0.327        77    0.0375      0.331      0.382      0.264      0.346      0.448
 328/599     282/282    0.0319    0.0266     0.214    0.0583     0.331        58    0.0413      0.315      0.376      0.249      0.335      0.467
 329/599     282/282    0.0321    0.0265     0.214    0.0583     0.331       102    0.0412      0.287      0.393      0.261      0.325       0.46
 330/599     282/282     0.032    0.0262     0.213     0.056     0.327        55    0.0371      0.294      0.378      0.243      0.321      0.454
 331/599     282/282    0.0324    0.0267     0.213    0.0554     0.327        82    0.0453      0.264      0.364      0.242      0.298      0.462
 332/599     282/282    0.0328    0.0267     0.213    0.0565     0.329        96    0.0443        0.3      0.378      0.246      0.322      0.457
 333/599     282/282    0.0324    0.0275     0.212    0.0602     0.333        35    0.0373      0.327      0.364      0.244      0.328      0.456
 334/599     282/282    0.0321    0.0264     0.212    0.0547     0.325        67    0.0406      0.279       0.41      0.263      0.322      0.469
 335/599     282/282    0.0321    0.0263     0.211    0.0529     0.323        53    0.0441      0.283      0.349      0.234      0.303      0.459
 336/599     282/282    0.0318    0.0269     0.211    0.0541     0.324        99    0.0483      0.277      0.358       0.24      0.303      0.454
 337/599     282/282     0.032    0.0264     0.212     0.052     0.322        75    0.0379      0.288      0.372      0.239      0.315      0.461
 338/599     282/282    0.0318    0.0266      0.21    0.0537     0.322        91    0.0412      0.335      0.405      0.259      0.351       0.46
 339/599     282/282    0.0321    0.0266     0.211    0.0572     0.326        60    0.0372      0.288      0.373      0.247      0.306      0.459
 340/599     282/282    0.0323    0.0264     0.213    0.0546     0.326        68    0.0425      0.313      0.409      0.257      0.344      0.464
 341/599     282/282    0.0322    0.0269     0.211    0.0639     0.334        66    0.0375       0.27      0.407      0.255      0.318      0.464
 342/599     282/282     0.032    0.0268     0.212    0.0596      0.33        37    0.0453      0.295      0.366      0.226      0.321      0.452
 343/599     282/282     0.032    0.0266     0.213    0.0584      0.33        79    0.0371      0.272      0.341      0.231      0.293      0.459
 344/599     282/282    0.0318    0.0265     0.214    0.0577      0.33        94    0.0371      0.293      0.405      0.253      0.335      0.464
 345/599     282/282    0.0319    0.0266      0.21    0.0539     0.323        47    0.0377      0.305      0.366      0.255      0.323      0.459
 346/599     282/282    0.0324    0.0267      0.21    0.0516     0.321        98    0.0492      0.317      0.368      0.243      0.328      0.458
 347/599     282/282    0.0316    0.0268      0.21     0.052      0.32        96    0.0374      0.285      0.357      0.237      0.308      0.448
 348/599     282/282     0.032    0.0268     0.211    0.0522     0.322        80    0.0499      0.298      0.355      0.235      0.312      0.454
 349/599     282/282    0.0317    0.0261     0.211    0.0528     0.322        54    0.0379      0.298      0.387      0.236      0.332       0.45
 350/599     282/282    0.0318    0.0264     0.212    0.0519     0.322        58    0.0419      0.308       0.39       0.25      0.335      0.459
 351/599     282/282    0.0316    0.0261     0.207    0.0516     0.316        72    0.0447      0.311      0.383      0.247       0.33      0.458
 352/599     282/282    0.0317    0.0261      0.21    0.0546     0.323       165     0.045      0.312      0.368      0.237      0.324      0.458
 353/599     282/282    0.0316    0.0264     0.211    0.0569     0.326       102     0.038      0.294      0.375      0.249      0.322      0.452
 354/599     282/282     0.032    0.0268     0.212    0.0534     0.324        75    0.0375      0.289      0.382      0.244      0.319      0.457
 355/599     282/282     0.032    0.0264     0.213    0.0607     0.332        53    0.0458      0.295       0.38      0.253      0.322      0.463
 356/599     282/282    0.0322    0.0265     0.212    0.0569     0.328        80     0.037      0.286      0.382      0.237      0.314      0.473
 357/599     282/282    0.0322    0.0264      0.21    0.0535     0.322        77    0.0426      0.308      0.375       0.25      0.324       0.47
 358/599     282/282    0.0316    0.0261      0.21    0.0522      0.32        83     0.043      0.295      0.403      0.259      0.331      0.454
 359/599     282/282     0.032    0.0265      0.21    0.0528     0.321        87    0.0371      0.301      0.378      0.262      0.325      0.464
 360/599     282/282    0.0319    0.0261     0.208    0.0542      0.32        90     0.037      0.305      0.395      0.265      0.336      0.456
 361/599     282/282    0.0315     0.026     0.208    0.0497     0.316        99    0.0371       0.32      0.403      0.264      0.345      0.472
 362/599     282/282    0.0313    0.0264     0.208    0.0531     0.319        84    0.0372      0.326      0.424       0.27      0.358      0.467
 363/599     282/282    0.0318    0.0257     0.208    0.0508     0.317        66    0.0455      0.282      0.408      0.266      0.327      0.461
 364/599     282/282    0.0318    0.0261     0.207    0.0534     0.319        71    0.0435      0.321      0.389      0.254      0.333      0.463
 365/599     282/282    0.0318    0.0264     0.206    0.0536     0.318       111    0.0372      0.351      0.393      0.251      0.344      0.478
 366/599     282/282    0.0318    0.0269     0.208    0.0507     0.317        61    0.0445      0.262      0.386      0.237      0.309      0.471
 367/599     282/282    0.0312    0.0264     0.207    0.0498     0.315        74    0.0442      0.282      0.396      0.244       0.31      0.475
 368/599     282/282    0.0315     0.026     0.208    0.0494     0.315        68    0.0408      0.274      0.376      0.254       0.31       0.47
 369/599     282/282    0.0316    0.0264     0.208    0.0529     0.319       109     0.044      0.289      0.377      0.253      0.319      0.454
 370/599     282/282    0.0316    0.0265     0.207     0.051     0.316        61    0.0374      0.283       0.39       0.25      0.321      0.468
 371/599     282/282    0.0315    0.0263     0.211    0.0544     0.323        90    0.0409       0.31      0.398      0.258      0.334      0.467
 372/599     282/282    0.0319    0.0263     0.209    0.0545     0.322        89    0.0419      0.325      0.398      0.253      0.346      0.465
 373/599     282/282    0.0314     0.026     0.209    0.0533      0.32        71    0.0447      0.362      0.428      0.281      0.386      0.457
 374/599     282/282    0.0317    0.0263     0.206     0.052     0.316        60     0.046      0.301      0.351      0.242      0.309      0.455
 375/599     282/282    0.0313    0.0262     0.207    0.0504     0.315        90    0.0431      0.298      0.388      0.253      0.326      0.455
 376/599     282/282    0.0317    0.0261     0.207    0.0529     0.318       129    0.0366      0.321      0.394      0.268      0.341       0.47
 377/599     282/282     0.031    0.0257     0.207    0.0536     0.317        99    0.0438      0.293      0.395      0.263       0.33       0.47
 378/599     282/282    0.0317    0.0265     0.206    0.0489     0.313        97    0.0494      0.288      0.376      0.239      0.311       0.47
 379/599     282/282    0.0315    0.0256     0.207    0.0519     0.316       134    0.0372      0.294      0.365      0.245      0.311       0.46
 380/599     282/282    0.0316    0.0263     0.204    0.0487     0.311       104    0.0371      0.279      0.366      0.248      0.308      0.463
 381/599     282/282    0.0314     0.026     0.206    0.0468      0.31        44    0.0441      0.336      0.385      0.269      0.347      0.459
 382/599     282/282    0.0316    0.0265     0.207    0.0578     0.323        87    0.0432      0.299      0.395      0.262      0.331       0.46
 383/599     282/282    0.0318    0.0258     0.208    0.0534     0.319        87    0.0375       0.29      0.398      0.253      0.328      0.464
 384/599     282/282    0.0316    0.0259     0.206     0.053     0.316        71    0.0371      0.326      0.373      0.257      0.329      0.467
 385/599     282/282    0.0313    0.0259     0.207    0.0481     0.312       105    0.0399      0.288      0.361      0.232      0.309       0.46
 386/599     282/282    0.0312    0.0258     0.208    0.0484     0.313        59     0.046      0.311      0.357      0.241      0.317      0.469
 387/599     282/282    0.0314    0.0261     0.204    0.0455     0.307       119    0.0396      0.268      0.356      0.238      0.295      0.469
 388/599     282/282    0.0314    0.0258     0.205    0.0462     0.309       120    0.0383      0.274      0.387      0.253      0.315      0.468
 389/599     282/282    0.0312    0.0265     0.207    0.0485     0.313        83    0.0448      0.276      0.403      0.258      0.322      0.468
 390/599     282/282    0.0313    0.0267     0.206     0.048     0.312        82     0.044      0.312      0.359      0.238      0.314      0.473
 391/599     282/282    0.0316     0.026     0.205    0.0501     0.312        97    0.0463      0.293      0.371      0.242      0.321      0.465
 392/599     282/282    0.0313    0.0258     0.207    0.0563      0.32        61    0.0418      0.272      0.386      0.248       0.31      0.473
 393/599     282/282    0.0314     0.026     0.207    0.0472     0.312        94    0.0443       0.29      0.385      0.249       0.32       0.47
 394/599     282/282    0.0316    0.0262     0.204    0.0464     0.308        87    0.0449      0.256      0.346      0.217      0.287       0.48
 395/599     282/282    0.0312    0.0261     0.205    0.0501     0.313       106    0.0413      0.268      0.394      0.232      0.315       0.47
 396/599     282/282    0.0321    0.0265      0.21    0.0552     0.324        79    0.0411      0.294      0.386      0.258      0.329      0.466
 397/599     282/282    0.0312     0.026     0.205    0.0494     0.312       149    0.0381      0.276      0.378      0.243      0.312      0.488
 398/599     282/282    0.0315    0.0261     0.206    0.0518     0.315        92    0.0387      0.297      0.341       0.23      0.308      0.461
 399/599     282/282    0.0317    0.0261     0.205    0.0501     0.313        84    0.0439       0.29      0.405      0.259      0.332      0.463
 400/599     282/282     0.032    0.0257     0.206    0.0464      0.31        97    0.0419       0.29      0.374      0.248      0.322      0.457
 401/599     282/282    0.0317    0.0257     0.206    0.0496     0.313        87    0.0489      0.286      0.356      0.225      0.304      0.464
 402/599     282/282    0.0317    0.0259     0.205    0.0483     0.311        54    0.0403      0.306      0.396      0.257      0.341       0.46
 403/599     282/282     0.031    0.0264     0.204    0.0479     0.309       100    0.0426      0.319      0.398      0.262      0.346      0.462
 404/599     282/282    0.0311    0.0262     0.204    0.0479     0.309        98    0.0462      0.319      0.398      0.254      0.343      0.463
 405/599     282/282    0.0313    0.0269     0.206     0.047     0.311        76    0.0417      0.303      0.371      0.245      0.318      0.466
 406/599     282/282    0.0307    0.0252     0.204    0.0475     0.308        88    0.0438      0.276      0.383      0.242      0.311      0.482
 407/599     282/282     0.031    0.0263     0.205    0.0458     0.308        87    0.0438      0.279       0.37      0.237       0.31       0.47
 408/599     282/282    0.0317    0.0264     0.204    0.0469     0.309       104    0.0407      0.312      0.391      0.255      0.337      0.466
 409/599     282/282    0.0313    0.0256     0.204    0.0501     0.311       148     0.037      0.323      0.385      0.252      0.341      0.461
 410/599     282/282     0.032    0.0256     0.204    0.0482      0.31        82    0.0395      0.308      0.408       0.27      0.346      0.478
 411/599     282/282     0.031    0.0256     0.205    0.0492     0.311        79     0.039       0.32      0.416      0.276      0.356      0.467
 412/599     282/282     0.031    0.0256     0.203    0.0513     0.311        76    0.0433      0.278      0.363      0.231        0.3      0.469
 413/599     282/282    0.0311    0.0266     0.204    0.0455     0.307        68    0.0377      0.306      0.372      0.243      0.318      0.473
 414/599     282/282    0.0314    0.0252     0.204    0.0466     0.307        52    0.0375        0.3      0.374      0.229      0.316      0.471
 415/599     282/282    0.0315     0.026     0.203    0.0501     0.311       118    0.0438      0.331      0.396      0.252      0.344      0.459
 416/599     282/282     0.031    0.0264     0.202    0.0472     0.307        64    0.0472      0.319        0.4       0.26      0.345      0.468
 417/599     282/282    0.0312    0.0257     0.202    0.0448     0.304        91    0.0442      0.338      0.416      0.266       0.36      0.456
 418/599     282/282    0.0311    0.0254     0.201    0.0435     0.301        97    0.0472      0.297      0.387      0.252      0.329      0.472
 419/599     282/282    0.0313    0.0258     0.203     0.045     0.305        74    0.0377      0.306      0.387      0.258      0.329      0.472
 420/599     282/282    0.0312    0.0266     0.202    0.0491     0.309        94    0.0374      0.305      0.375      0.247      0.325       0.46
 421/599     282/282    0.0308    0.0258     0.201    0.0426       0.3       111    0.0375      0.315      0.409      0.267      0.352      0.457
 422/599     282/282    0.0307    0.0256     0.201    0.0424       0.3        55    0.0378      0.324      0.426      0.277      0.354      0.457
 423/599     282/282    0.0307    0.0258     0.201    0.0435     0.301        85    0.0512      0.296      0.422      0.262      0.344      0.464
 424/599     282/282     0.031     0.026     0.202    0.0447     0.304        72     0.042       0.29      0.376      0.239       0.32      0.468
 425/599     282/282    0.0315    0.0258     0.203    0.0461     0.306        83    0.0382      0.308      0.399       0.25      0.344      0.465
 426/599     282/282    0.0315    0.0262     0.201    0.0435     0.302       147    0.0374      0.305      0.395      0.262      0.337      0.462
 427/599     282/282    0.0305    0.0254     0.202    0.0424       0.3       176    0.0373      0.306       0.37       0.25      0.322      0.473
 428/599     282/282    0.0307     0.026     0.202    0.0559     0.315        96    0.0373      0.275      0.381      0.249      0.313       0.47
 429/599     282/282    0.0311    0.0259     0.202    0.0517     0.311        63    0.0446      0.318      0.427      0.267      0.357      0.473
 430/599     282/282    0.0314    0.0258     0.203    0.0483     0.308       154    0.0409      0.309      0.387      0.245      0.336       0.46
 431/599     282/282     0.031    0.0258     0.203    0.0453     0.305        97    0.0373       0.29      0.372      0.244      0.316      0.461
 432/599     282/282    0.0306    0.0259     0.201    0.0416     0.299       123    0.0374      0.303      0.419      0.274      0.346       0.46
 433/599     282/282    0.0313     0.026       0.2    0.0422     0.299        86    0.0404      0.265      0.376      0.234      0.307      0.468
 434/599     282/282     0.031     0.026     0.201    0.0454     0.303       113    0.0371      0.273      0.372      0.243       0.31      0.464
 435/599     282/282    0.0307    0.0258       0.2    0.0444     0.301       112    0.0374      0.285      0.381      0.244      0.316       0.47
 436/599     282/282     0.031    0.0252       0.2    0.0423     0.298        70    0.0371      0.295      0.361      0.236      0.319      0.473
 437/599     282/282    0.0309    0.0255     0.201    0.0473     0.305        85     0.041      0.292      0.384      0.255      0.323      0.457
 438/599     282/282    0.0311    0.0254     0.199    0.0462     0.302       114    0.0373      0.308      0.388       0.25      0.334      0.471
 439/599     282/282    0.0309    0.0254       0.2    0.0446     0.301        67    0.0447      0.271      0.394      0.255      0.315      0.473
 440/599     282/282    0.0311    0.0261       0.2    0.0424     0.299       100    0.0435      0.276      0.382      0.257      0.315      0.479
 441/599     282/282    0.0308    0.0262     0.201    0.0475     0.306        93    0.0439      0.292       0.39      0.255      0.328      0.455
 442/599     282/282    0.0312    0.0257       0.2    0.0463     0.303        91    0.0374      0.286      0.372      0.248      0.317      0.465
 443/599     282/282    0.0314    0.0259     0.202    0.0451     0.304       142    0.0419      0.279      0.393      0.257       0.32       0.46
 444/599     282/282    0.0307    0.0254       0.2     0.044       0.3        84    0.0461      0.305      0.412      0.259      0.343      0.464
 445/599     282/282    0.0307    0.0257     0.199    0.0486     0.304        90    0.0409      0.305      0.373      0.245      0.324      0.471
 446/599     282/282    0.0308    0.0252     0.198    0.0422     0.296        87    0.0452      0.349      0.379      0.253      0.354       0.46
 447/599     282/282    0.0308    0.0254     0.198    0.0437     0.298        73    0.0433      0.317      0.399      0.244      0.341      0.471
 448/599     282/282    0.0305    0.0258       0.2    0.0429       0.3        64    0.0453      0.299      0.381      0.255      0.323      0.478
 449/599     282/282    0.0307    0.0253     0.199    0.0423     0.297        83    0.0408      0.319      0.387      0.258       0.34      0.459
 450/599     282/282    0.0305    0.0253     0.199    0.0514     0.307       187    0.0474       0.29      0.368      0.234      0.312      0.473
 451/599     282/282    0.0312    0.0252     0.201    0.0461     0.304        95    0.0448       0.33      0.384      0.252       0.34      0.471
 452/599     282/282    0.0312    0.0257     0.204    0.0428     0.303       124    0.0429      0.311      0.385      0.264      0.337       0.47
 453/599     282/282    0.0312    0.0264     0.201    0.0442     0.303        57    0.0448      0.302      0.374      0.253      0.324      0.468
 454/599     282/282     0.031    0.0253       0.2    0.0438       0.3        63    0.0397       0.29      0.404      0.254      0.329      0.462
 455/599     282/282    0.0309    0.0252     0.198     0.041     0.295        58    0.0431      0.314      0.369      0.249      0.328      0.479
 456/599     282/282     0.031    0.0256     0.199    0.0398     0.296       142    0.0409      0.303      0.361       0.24      0.312      0.463
 457/599     282/282    0.0306    0.0256     0.196    0.0401     0.293       104    0.0408      0.305      0.385      0.263       0.33       0.47
 458/599     282/282    0.0313    0.0254     0.199    0.0415     0.298        90     0.043      0.307       0.38      0.255      0.325      0.468
 459/599     282/282    0.0308    0.0257     0.199    0.0436       0.3       109     0.041      0.295      0.403      0.252      0.333      0.463
 460/599     282/282    0.0306    0.0252     0.197    0.0414     0.295        98    0.0375      0.282      0.384      0.253      0.319       0.48
 461/599     282/282    0.0302    0.0255     0.198    0.0442     0.298        70    0.0374      0.338      0.393      0.271       0.35      0.473
 462/599     282/282    0.0306    0.0251     0.198    0.0415     0.295        86    0.0376      0.322      0.386      0.251      0.334      0.473
 463/599     282/282    0.0303    0.0257     0.197    0.0487     0.301        28    0.0409      0.271      0.373      0.242      0.309       0.47
 464/599     282/282    0.0309    0.0253     0.198    0.0425     0.297        96    0.0453      0.289      0.384      0.259      0.326      0.469
 465/599     282/282    0.0308    0.0263     0.197    0.0431     0.298        98    0.0374      0.299      0.423      0.289      0.343      0.473
 466/599     282/282    0.0306    0.0253     0.197    0.0445     0.298        80    0.0372      0.288      0.373      0.262      0.316      0.475
 467/599     282/282    0.0305    0.0255     0.199    0.0451       0.3       105    0.0438      0.323      0.401      0.267      0.349      0.469
 468/599     282/282    0.0308    0.0258     0.198    0.0431     0.298        85    0.0373      0.303      0.373      0.249      0.318      0.483
 469/599     282/282    0.0304    0.0253     0.196    0.0404     0.292        84     0.042      0.298       0.41      0.243      0.338       0.47
 470/599     282/282    0.0303    0.0249     0.197     0.045     0.297       129    0.0416      0.294      0.412      0.261      0.335      0.473
 471/599     282/282    0.0306    0.0252     0.196    0.0398     0.292        87    0.0487      0.294       0.39      0.252      0.331      0.469
 472/599     282/282    0.0305    0.0255     0.197      0.04     0.293        50    0.0442      0.349      0.427      0.272      0.373       0.47
 473/599     282/282    0.0303    0.0256     0.196    0.0414     0.294        96    0.0452      0.289      0.369      0.249      0.314       0.48
 474/599     282/282    0.0305    0.0259     0.196    0.0412     0.293       101     0.037      0.318      0.392      0.254      0.335       0.48
 475/599     282/282    0.0306    0.0255     0.199    0.0407     0.295       119    0.0408      0.312      0.417      0.275       0.35      0.479
 476/599     282/282    0.0304    0.0256     0.195    0.0394     0.291        62    0.0449      0.307      0.419      0.261      0.349      0.468
 477/599     282/282    0.0303    0.0255     0.196    0.0374     0.289        83    0.0386      0.273      0.363      0.237        0.3      0.473
 478/599     282/282    0.0307    0.0253     0.196    0.0385      0.29        80    0.0424       0.33      0.391       0.27      0.346      0.467
 479/599     282/282    0.0307    0.0255     0.195    0.0385      0.29        98    0.0402      0.301      0.399      0.265      0.334      0.472
 480/599     282/282    0.0305    0.0252     0.193    0.0422     0.291        72    0.0438       0.32      0.406      0.263       0.35      0.465
 481/599     282/282    0.0301    0.0242     0.189    0.0335     0.276        93    0.0379      0.313      0.398      0.259      0.343      0.466
 482/599     282/282    0.0305    0.0241      0.19     0.033     0.277        67    0.0404      0.312      0.396      0.263      0.342      0.465
 483/599     282/282    0.0301    0.0242      0.19    0.0344     0.279        73    0.0372      0.318      0.395      0.257      0.345      0.467
 484/599     282/282    0.0299    0.0238     0.189    0.0342     0.277       189     0.037       0.33      0.405      0.261      0.355      0.463
 485/599     282/282    0.0298    0.0244      0.19    0.0323     0.276        86     0.037      0.313      0.395      0.258      0.342      0.469
 486/599     282/282    0.0295     0.024     0.189    0.0316     0.274        77    0.0371      0.312      0.394      0.257      0.341      0.466
 487/599     282/282    0.0296    0.0242      0.19    0.0327     0.276        85    0.0436      0.335      0.406      0.262      0.355      0.467
 488/599     282/282    0.0302    0.0237     0.187    0.0335     0.275        78    0.0447      0.316      0.397      0.263      0.343      0.468
 489/599     282/282    0.0299    0.0239     0.189    0.0314     0.274        49    0.0434      0.333      0.402      0.261      0.351      0.468
 490/599     282/282    0.0298    0.0237      0.19    0.0306     0.274        47    0.0492      0.304      0.391      0.259      0.336      0.475
 491/599     282/282    0.0298    0.0243     0.188    0.0375      0.28       124    0.0375      0.318      0.396      0.262      0.344      0.467
 492/599     282/282    0.0303    0.0241     0.188    0.0319     0.274        80     0.037      0.314      0.396      0.259      0.342      0.469
 493/599     282/282      0.03    0.0243     0.189    0.0312     0.274        72     0.041       0.33      0.403      0.263      0.356      0.466
 494/599     282/282    0.0302    0.0239     0.188    0.0335     0.275        63    0.0424      0.329      0.399      0.264      0.351       0.47
 495/599     282/282    0.0303    0.0242     0.187    0.0338     0.275        21    0.0424      0.334        0.4      0.266      0.355      0.473
 496/599     282/282    0.0299    0.0241     0.187    0.0294     0.271        45    0.0373      0.327        0.4      0.269      0.351       0.47
 497/599     282/282    0.0296    0.0241     0.188    0.0308     0.273        94    0.0447      0.314      0.396      0.269      0.343       0.47
 498/599     282/282    0.0303    0.0242     0.188    0.0324     0.274        75    0.0441      0.314      0.393      0.263      0.342      0.471
 499/599     282/282    0.0297     0.024     0.188    0.0361     0.278        59     0.041       0.31      0.397      0.258      0.342      0.474
 500/599     282/282    0.0302    0.0241     0.186    0.0318     0.272        85    0.0438      0.325      0.398      0.259      0.349      0.472
 501/599     282/282    0.0297    0.0242     0.187      0.03     0.271        92    0.0375      0.322      0.395      0.263      0.345      0.473
 502/599     282/282    0.0299    0.0241     0.187    0.0321     0.273        81    0.0378      0.316      0.395      0.258      0.345      0.472
 503/599     282/282    0.0301     0.024     0.188    0.0349     0.277        69    0.0428      0.333      0.398      0.264      0.352      0.473
 504/599     282/282    0.0302    0.0241     0.187    0.0323     0.273       123     0.037      0.331      0.405      0.264      0.356      0.468
 505/599     282/282    0.0304    0.0242     0.187    0.0303     0.272        92    0.0418       0.33      0.406      0.264      0.354      0.468
 506/599     282/282    0.0299    0.0242     0.189      0.03     0.273        97    0.0371      0.335      0.405      0.262      0.359      0.474
 507/599     282/282    0.0298     0.024     0.188     0.032     0.274       128    0.0438      0.329      0.392      0.265      0.348      0.472
 508/599     282/282    0.0298    0.0239     0.188    0.0295     0.271        94    0.0375      0.329      0.401      0.264      0.351      0.473
 509/599     282/282    0.0301    0.0242     0.188    0.0352     0.277       114    0.0378      0.314      0.408      0.268      0.348      0.469
 510/599     282/282    0.0299    0.0236     0.187    0.0314     0.272        87    0.0371      0.319      0.403      0.263      0.348      0.472
 511/599     282/282    0.0307    0.0241     0.187    0.0338     0.276       113    0.0412      0.312        0.4      0.262      0.345      0.472
 512/599     282/282    0.0302     0.024     0.188    0.0318     0.274       118    0.0371      0.325      0.395      0.263      0.348      0.472
 513/599     282/282      0.03    0.0241     0.186    0.0322     0.273        87    0.0453      0.323      0.407      0.266      0.352      0.469
 514/599     282/282    0.0304    0.0237     0.188    0.0295     0.271        75    0.0371      0.332      0.404      0.263      0.355      0.469
 515/599     282/282    0.0297    0.0238     0.184    0.0294     0.267       167    0.0408      0.338      0.411      0.267      0.361      0.469
 516/599     282/282    0.0301    0.0238     0.186     0.032     0.272        66    0.0409      0.322      0.393      0.263      0.347      0.474
 517/599     282/282    0.0299     0.024     0.187    0.0313     0.272        53    0.0371      0.322      0.402      0.261      0.349      0.474
 518/599     282/282    0.0297    0.0241     0.186    0.0321     0.272        75    0.0425      0.319      0.393      0.262      0.343       0.47
 519/599     282/282      0.03    0.0242     0.189    0.0311     0.274        46    0.0422      0.319      0.401      0.261      0.349      0.475
 520/599     282/282    0.0301    0.0241     0.185    0.0319     0.271        66    0.0412      0.348      0.411      0.264      0.367      0.473
 521/599     282/282    0.0302    0.0237     0.185    0.0304      0.27       126    0.0434      0.311      0.398      0.262      0.341      0.473
 522/599     282/282    0.0303    0.0243     0.186    0.0298      0.27       128    0.0428      0.296      0.391      0.262      0.332      0.475
 523/599     282/282    0.0298     0.024     0.187    0.0341     0.275        41     0.043      0.311      0.391       0.26      0.339      0.477
 524/599     282/282    0.0296    0.0236     0.188    0.0305     0.271        52    0.0446      0.317       0.39      0.259      0.342      0.477
 525/599     282/282    0.0299    0.0239     0.186    0.0286     0.268        36    0.0371      0.303      0.391      0.261      0.336      0.475
 526/599     282/282    0.0296    0.0241     0.186    0.0341     0.273        49    0.0425      0.325      0.405      0.264      0.353      0.476
 527/599     282/282    0.0298    0.0239     0.185    0.0336     0.273        82    0.0397      0.325      0.405      0.265      0.352      0.473
 528/599     282/282    0.0303    0.0237     0.186    0.0292     0.269        81    0.0435      0.322      0.392      0.263      0.345      0.474
 529/599     282/282      0.03    0.0239     0.187    0.0279     0.269       167    0.0449      0.319        0.4      0.265      0.347      0.477
 530/599     282/282      0.03    0.0239     0.187    0.0305     0.272       103     0.037      0.308      0.385      0.258      0.334      0.473
 531/599     282/282    0.0297    0.0239     0.185    0.0284     0.267        63    0.0372      0.315       0.39      0.259      0.339      0.474
 532/599     282/282    0.0294    0.0239     0.185    0.0287     0.267        67    0.0426      0.323      0.396      0.262      0.346      0.474
 533/599     282/282    0.0297    0.0235     0.185    0.0321      0.27        89    0.0416      0.329      0.405      0.271      0.355      0.478
 534/599     282/282    0.0299     0.024     0.187    0.0289      0.27        69    0.0373      0.339      0.404      0.265      0.359      0.475
 535/599     282/282    0.0294    0.0237     0.186    0.0285     0.268        80    0.0376      0.327      0.401      0.269       0.35      0.475
 536/599     282/282    0.0299    0.0241     0.186     0.029     0.269        77    0.0452      0.322      0.388      0.264      0.343      0.477
 537/599     282/282    0.0294    0.0239     0.186    0.0292     0.269       101    0.0458       0.35      0.393      0.263      0.356       0.48
 538/599     282/282      0.03    0.0239     0.186     0.031     0.271        56    0.0434      0.328      0.398      0.263       0.35      0.477
 539/599     282/282      0.03    0.0237     0.185     0.031     0.269        88    0.0405      0.322      0.389      0.259      0.343      0.479
 540/599     282/282      0.03     0.024     0.187    0.0293      0.27        87    0.0484      0.323       0.39      0.255      0.344      0.476
 541/599     282/282      0.03     0.024     0.186     0.029     0.269        79     0.037      0.316       0.39      0.264      0.341      0.477
 542/599     282/282    0.0297    0.0236     0.188    0.0287      0.27        59    0.0419      0.321        0.4      0.263      0.348      0.477
 543/599     282/282    0.0298    0.0238     0.184    0.0281     0.266        27    0.0371      0.324       0.39      0.263      0.344      0.477
 544/599     282/282    0.0303    0.0236     0.185    0.0277     0.266        55    0.0448      0.319      0.391      0.264      0.343      0.476
 545/599     282/282    0.0295    0.0237     0.185    0.0315      0.27        80    0.0425       0.32      0.391      0.268      0.344      0.475
 546/599     282/282    0.0293    0.0238     0.185    0.0278     0.266        70    0.0408      0.325      0.395      0.265      0.348      0.474
 547/599     282/282    0.0302    0.0238     0.187    0.0284     0.269        68    0.0373       0.33        0.4      0.264      0.353      0.477
 548/599     282/282    0.0295    0.0239     0.186    0.0313     0.271       133    0.0445      0.321      0.391      0.261      0.343      0.475
 549/599     282/282    0.0294    0.0236     0.185     0.028     0.266       119    0.0466      0.327       0.39      0.264      0.345      0.476
 550/599     282/282    0.0303    0.0239     0.187    0.0309     0.272        72    0.0471      0.319        0.4      0.267      0.348      0.477
 551/599     282/282    0.0301    0.0244     0.185     0.028     0.268        68    0.0415      0.316       0.39      0.265      0.341      0.475
 552/599     282/282    0.0297    0.0238     0.188    0.0314     0.272        98    0.0443      0.324      0.399      0.262      0.349      0.476
 553/599     282/282    0.0297     0.024     0.187    0.0305     0.272        74    0.0402      0.329        0.4      0.261      0.352      0.477
 554/599     282/282    0.0296    0.0237     0.186    0.0281     0.268        60    0.0409      0.327      0.394      0.268      0.348      0.478
 555/599     282/282    0.0303    0.0241     0.185    0.0352     0.275        76    0.0444      0.322      0.389       0.26      0.343      0.476
 556/599     282/282    0.0299    0.0238     0.184    0.0278     0.265       125    0.0422      0.334       0.39      0.265      0.348      0.475
 557/599     282/282    0.0296    0.0241     0.187    0.0277     0.268        59    0.0418      0.324      0.399      0.267       0.35      0.478
 558/599     282/282    0.0298    0.0238     0.186    0.0275     0.267        48    0.0373      0.337      0.399      0.262      0.355      0.479
 559/599     282/282    0.0299    0.0236     0.184    0.0309     0.268        72    0.0371      0.327      0.401      0.267      0.352      0.474
 560/599     282/282    0.0297    0.0241     0.186    0.0324     0.272        53    0.0371      0.324      0.391      0.263      0.345      0.474
 561/599     282/282    0.0297    0.0239     0.185    0.0271     0.266        48    0.0373      0.318      0.391       0.27      0.342      0.479
 562/599     282/282    0.0303     0.024     0.187    0.0293     0.271       137    0.0426      0.335      0.395      0.261      0.352      0.475
 563/599     282/282    0.0293    0.0236     0.186    0.0283     0.268        69    0.0452       0.32      0.401      0.272      0.348      0.478
 564/599     282/282    0.0297    0.0237     0.186    0.0298     0.269        54    0.0373      0.331       0.39       0.27      0.347      0.478
 565/599     282/282    0.0296    0.0237     0.186    0.0289     0.268       132    0.0481      0.326        0.4      0.275      0.351      0.476
 566/599     282/282      0.03    0.0237     0.186    0.0328     0.272        82    0.0404      0.322      0.391      0.268      0.344      0.474
 567/599     282/282    0.0304    0.0237     0.186    0.0282     0.269        32    0.0417      0.326       0.39      0.262      0.345      0.477
 568/599     282/282    0.0298    0.0242     0.185     0.031      0.27        96    0.0442      0.315      0.388      0.265       0.34      0.477
 569/599     282/282    0.0301    0.0241     0.185    0.0349     0.274       115    0.0435      0.318      0.389      0.266      0.342      0.477
 570/599     282/282    0.0302     0.024     0.186    0.0291     0.269        73    0.0414      0.326      0.391       0.27      0.346      0.475
 571/599     282/282    0.0301    0.0237     0.187    0.0312     0.272       107    0.0378      0.321        0.4      0.272      0.349      0.477
 572/599     282/282    0.0298    0.0237     0.186    0.0293     0.269        59    0.0372      0.324      0.391      0.269      0.344      0.476
 573/599     282/282    0.0297    0.0237     0.185    0.0274     0.266        76    0.0377      0.316      0.391      0.268      0.342      0.478
 574/599     282/282    0.0295    0.0238     0.186    0.0278     0.267        76     0.047      0.322        0.4      0.272      0.349      0.477
 575/599     282/282    0.0297    0.0239     0.186    0.0283     0.268        73    0.0372      0.316      0.391      0.269       0.34      0.478
 576/599     282/282    0.0301    0.0234     0.184    0.0283     0.266        89    0.0449      0.333      0.405      0.272      0.356      0.476
 577/599     282/282    0.0302    0.0237     0.186    0.0281     0.268        82    0.0372      0.323      0.401      0.271       0.35      0.479
 578/599     282/282    0.0296    0.0236     0.186    0.0286     0.268        68    0.0408      0.317       0.39      0.266      0.342      0.478
 579/599     282/282    0.0302    0.0239     0.186    0.0328     0.272        79    0.0422      0.321        0.4       0.27      0.349      0.478
 580/599     282/282    0.0301    0.0239     0.185    0.0291     0.268       110     0.037      0.334      0.399       0.27      0.354      0.477
 581/599     282/282    0.0297    0.0239     0.187     0.027     0.267        88     0.037      0.319       0.39      0.271      0.343      0.479
 582/599     282/282      0.03    0.0236     0.186    0.0311     0.271        35    0.0419      0.317      0.399      0.274      0.346      0.479
 583/599     282/282    0.0304    0.0241     0.187    0.0314     0.273        89     0.037      0.322      0.399      0.269      0.348      0.477
 584/599     282/282    0.0302    0.0239     0.185    0.0316     0.271        80    0.0376      0.325      0.403      0.269      0.352      0.478
 585/599     282/282    0.0303    0.0236     0.183    0.0281     0.265       150    0.0481      0.328      0.391      0.271      0.346      0.475
 586/599     282/282    0.0297    0.0236     0.187    0.0316     0.272       127    0.0409      0.329      0.395       0.27      0.349      0.478
 587/599     282/282    0.0302    0.0244     0.185    0.0299      0.27        47    0.0476       0.32      0.389      0.268      0.343       0.48
 588/599     282/282    0.0297    0.0238     0.186    0.0283     0.268        67    0.0462      0.321      0.388      0.267      0.342      0.479
 589/599     282/282    0.0302    0.0237     0.185    0.0286     0.267        50    0.0372      0.325      0.396      0.269      0.347      0.477
 590/599     282/282    0.0301    0.0241     0.184    0.0334     0.272        84    0.0421      0.334      0.395      0.272      0.351      0.477
 591/599     282/282    0.0302    0.0236     0.185    0.0285     0.268        66    0.0374      0.325      0.391      0.262      0.346      0.477
 592/599     282/282    0.0298    0.0237     0.185    0.0287     0.267       138    0.0433      0.317       0.39      0.265      0.342      0.476
 593/599     282/282    0.0304    0.0238     0.186    0.0319     0.272        86    0.0369      0.322      0.399      0.263      0.348      0.477
 594/599     282/282    0.0301    0.0235     0.184    0.0289     0.266       147    0.0415      0.322      0.401       0.27      0.349      0.475
 595/599     282/282    0.0301    0.0235     0.185    0.0348     0.274        76    0.0441       0.32      0.389       0.26      0.342      0.475
 596/599     282/282    0.0299    0.0238     0.184     0.027     0.265        83    0.0375      0.321      0.391      0.269      0.344      0.478
 597/599     282/282    0.0299    0.0236     0.186    0.0281     0.267        51    0.0446      0.319       0.39      0.273      0.343      0.478
 598/599     282/282    0.0298    0.0239     0.184    0.0295     0.267        80    0.0431      0.322      0.401      0.275      0.349      0.477
 599/599     282/282    0.0296    0.0236     0.185    0.0294     0.267        84    0.0376      0.341      0.394      0.267      0.354      0.477
